123.189000	87
123.189000	188
123.189000	194
123.189000	196
123.189000	211
123.189000	40
123.189000	45
123.189000	12
123.189000	29
123.189000	224
123.189000	220
123.189000	253
123.189000	104
123.189000	118
123.189000	115
123.189000	120
123.189000	77
123.189000	136
123.189000	63
123.189000	1
123.189000	2
123.189000	150
123.198000	2910
123.198000	1027
123.198000	3888
123.198000	1333
123.198000	1331
123.198000	3647
123.198000	2596
123.198000	1607
123.198000	1749
123.198000	2041
123.198000	2915
123.198000	1634
123.198000	3409
123.198000	531
123.198000	3312
123.198000	3078
123.198000	2858
123.198000	3942
123.198000	3093
123.198000	2073
123.198000	1482
123.198000	2204
123.198000	2200
123.198000	3306
123.198000	619
123.198000	615
123.198000	963
123.198000	961
123.198000	1829
123.198000	457
123.198000	3797
123.198000	3794
123.198000	519
123.198000	516
123.198000	2271
123.198000	3330
123.198000	3334
123.198000	3337
123.198000	2083
123.198000	607
123.198000	1789
123.198000	3255
123.198000	1785
123.198000	601
123.198000	2598
123.198000	1302
123.198000	1300
123.198000	2306
123.198000	1273
123.198000	3432
123.198000	568
123.198000	702
123.198000	2765
123.198000	2683
123.198000	3225
123.198000	2314
123.198000	2316
123.198000	2866
123.198000	941
123.198000	3268
123.198000	2685
123.198000	1060
123.198000	3363
123.198000	2390
123.198000	2392
123.198000	1202
123.198000	1512
123.198000	2648
123.198000	2993
123.198000	3689
123.198000	1817
123.198000	395
123.198000	3296
123.198000	2211
123.198000	3120
123.198000	3071
123.198000	492
123.198000	2241
123.198000	2282
123.198000	812
123.198000	3693
123.198000	2479
123.198000	3110
123.198000	2548
123.198000	1043
123.198000	3695
123.198000	2400
123.198000	3539
123.198000	2758
123.198000	1376
123.198000	2348
123.198000	3219
123.198000	733
123.198000	3304
123.198000	3100
123.198000	3207
123.198000	2294
123.198000	3818
123.198000	2439
123.198000	1239
123.198000	3454
123.198000	1422
123.198000	1420
123.198000	1736
123.198000	2191
123.198000	904
123.198000	901
123.198000	1957
123.198000	2839
123.198000	1551
123.198000	3442
123.198000	3161
123.198000	3167
123.198000	1947
123.198000	1942
123.198000	3213
123.198000	3015
123.198000	2561
123.198000	3493
123.198000	3497
123.198000	2704
123.198000	2921
123.198000	2888
123.198000	1712
123.198000	1593
123.198000	3025
123.198000	3028
123.198000	1395
123.198000	1390
123.198000	3848
123.198000	1572
123.198000	1374
123.198000	2714
123.198000	1707
123.198000	1700
123.198000	2009
123.198000	688
123.198000	669
123.198000	2144
123.198000	2546
123.198000	2541
123.198000	1773
123.198000	2037
123.198000	1867
123.198000	2150
123.198000	1605
123.198000	279
123.198000	1919
123.198000	3894
123.198000	2935
123.198000	2939
123.198000	899
123.198000	3286
123.198000	3281
123.198000	3194
123.198000	1989
123.198000	2551
123.198000	2557
123.198000	1987
123.198000	2485
123.198000	1761
123.198000	860
123.198000	865
123.198000	2120
123.198000	3466
123.198000	1900
123.198000	1902
123.198000	2835
123.198000	1834
123.198000	1168
123.198000	1291
123.198000	1294
123.198000	1510
123.198000	2583
123.198000	2054
123.198000	413
123.198000	416
123.198000	323
123.198000	2137
123.198000	3946
123.198000	256
123.198000	528
123.198000	2822
123.198000	1938
123.198000	2222
123.198000	1935
123.198000	1805
123.199000	479
123.211000	2131
123.214000	24
123.214000	26
123.214000	23
123.214000	32
123.214000	33
123.214000	15
123.214000	200
123.214000	114
123.214000	71
123.214000	107
123.214000	108
123.214000	595
123.214000	54
123.214000	55
123.214000	123
123.214000	9
123.214000	148
123.214000	86
123.214000	98
123.214000	187
123.220000	262
123.221000	921
123.225000	685
123.225000	2176
123.225000	1214
123.225000	4008
123.225000	3783
123.225000	3096
123.225000	1682
123.225000	2525
123.225000	1531
123.225000	308
123.225000	278
123.225000	1775
123.225000	1996
123.225000	2571
123.225000	3112
123.225000	844
123.225000	3469
123.225000	3205
123.225000	515
123.225000	2080
123.225000	2155
123.225000	2157
123.225000	3654
123.225000	2431
123.225000	2364
123.225000	2362
123.225000	3414
123.225000	1037
123.225000	3170
123.225000	3318
123.225000	886
123.225000	2134
123.225000	975
123.225000	1029
123.225000	1021
123.225000	1721
123.225000	3576
123.225000	3880
123.225000	1152
123.225000	3321
123.225000	3579
123.225000	706
123.225000	705
123.225000	2058
123.225000	1973
123.225000	2533
123.225000	1372
123.225000	2842
123.225000	3156
123.225000	2330
123.225000	957
123.225000	3083
123.225000	1743
123.225000	578
123.225000	3276
123.225000	2113
123.225000	1314
123.225000	2768
123.225000	1255
123.225000	1909
123.225000	2002
123.225000	2695
123.225000	2165
123.225000	3122
123.225000	1005
123.225000	4006
123.225000	1590
123.225000	1752
123.225000	624
123.225000	2100
123.225000	2106
123.225000	768
123.225000	1995
123.225000	1356
123.225000	2115
123.225000	1725
123.225000	377
123.225000	372
123.225000	3174
123.225000	3196
123.225000	3198
123.225000	3347
123.225000	2872
123.225000	2298
123.225000	574
123.225000	576
123.225000	1926
123.225000	1296
123.225000	1922
123.225000	2870
123.225000	1111
123.225000	3295
123.225000	3055
123.225000	3050
123.225000	3964
123.225000	2821
123.225000	3473
123.225000	3968
123.225000	580
123.225000	632
123.225000	2496
123.225000	919
123.225000	3041
123.225000	911
123.225000	914
123.225000	2929
123.225000	822
123.225000	829
123.225000	2691
123.225000	3265
123.225000	3262
123.225000	1381
123.225000	2246
123.225000	1731
123.225000	1256
123.225000	1816
123.225000	3176
123.225000	3344
123.225000	341
123.225000	2032
123.225000	2728
123.225000	2625
123.225000	2532
123.225000	1242
123.225000	2538
123.225000	1658
123.225000	3371
123.225000	931
123.225000	3398
123.225000	3243
123.225000	1504
123.225000	1248
123.225000	483
123.225000	666
123.225000	1897
123.225000	2356
123.225000	3568
123.225000	3340
123.225000	2745
123.225000	2749
123.225000	1882
123.225000	2601
123.225000	1072
123.225000	3000
123.225000	3450
123.225000	1699
123.225000	1695
123.225000	265
123.225000	2199
123.225000	310
123.225000	3359
123.226000	3552
123.238000	1400
123.238000	3209
123.238000	597
123.238000	1050
123.240000	1854
123.241000	292
123.243000	1588
123.243000	1643
123.248000	680
123.251000	2367
123.251000	1067
123.251000	1484
123.251000	1007
123.251000	3499
123.253000	249
123.253000	89
123.253000	144
123.253000	60
123.253000	7
123.258000	775
123.261000	991
123.264000	3004
123.264000	2436
123.264000	1017
123.264000	3238
123.264000	2385
123.264000	3023
123.264000	2712
123.264000	710
123.264000	3982
123.264000	1602
123.264000	1525
123.264000	2082
123.264000	3115
123.264000	3126
123.264000	1609
123.264000	1177
123.264000	2984
123.264000	3984
123.264000	1345
123.264000	1184
123.264000	2844
123.264000	2669
123.264000	2996
123.264000	3627
123.264000	2190
123.264000	3482
123.264000	2938
123.264000	1155
123.264000	1089
123.264000	3103
123.264000	304
123.264000	3301
123.264000	1147
123.264000	1144
123.264000	3808
123.264000	555
123.264000	1950
123.264000	3109
123.264000	1310
123.264000	1048
123.264000	2147
123.264000	2811
123.264000	2358
123.264000	364
123.264000	1230
123.264000	2025
123.264000	2153
123.264000	571
123.264000	805
123.264000	2890
123.264000	3237
123.264000	2411
123.264000	2473
123.264000	1455
123.264000	2008
123.264000	1910
123.264000	2613
123.264000	599
123.264000	3247
123.264000	3523
123.264000	1660
123.264000	2109
123.264000	435
123.267000	4012
123.268000	642
123.272000	1361
123.272000	746
123.276000	1520
123.278000	27
123.281000	128
123.283000	3387
123.287000	2487
123.291000	3132
123.291000	3665
123.291000	1009
123.291000	3187
123.291000	1011
123.307000	436
123.317000	218
123.318000	3699
123.330000	1911
123.330000	2892
123.330000	2894
123.350000	2553
123.358000	4009
123.368000	90
123.370000	2519
123.377000	4027
123.378000	1800
123.395000	357
123.398000	1931
123.401000	1515
123.412000	3786
123.413000	3138
123.415000	2783
123.416000	2738
123.443000	2736
123.443000	124
123.447000	947
123.462000	3892
123.465000	2265
123.483000	1914
123.490000	1863
123.492000	741
123.503000	2701
123.516000	131
123.519000	2327
123.529000	546
123.531000	1267
123.544000	2049
123.549000	2101
123.557000	1185
123.559000	3629
123.560000	426
123.561000	2619
123.568000	1732
123.579000	3991
123.582000	2905
123.584000	2065
123.584000	1102
123.588000	49
123.595000	1998
123.602000	1122
123.609000	3374
123.609000	3375
123.610000	2089
123.614000	3734
123.623000	1754
123.623000	398
123.623000	1825
123.623000	3828
123.623000	1413
123.623000	3270
123.634000	352
123.635000	1128
123.637000	1233
123.641000	873
123.642000	2161
123.646000	928
123.650000	3087
123.650000	3264
123.650000	1411
123.650000	826
123.651000	3605
123.663000	2234
123.667000	609
123.668000	3390
123.681000	2942
123.689000	3485
123.689000	3483
123.689000	1080
123.692000	789
123.703000	3501
123.707000	719
123.716000	1077
123.724000	312
123.729000	677
123.757000	302
123.759000	3976
123.769000	3776
123.769000	1084
123.769000	3677
123.778000	2529
123.783000	3859
123.785000	3622
123.785000	802
123.796000	3791
123.796000	3395
123.802000	4022
123.811000	4011
123.811000	1659
123.820000	354
123.821000	2753
123.824000	842
123.853000	3831
123.862000	3932
123.862000	2721
123.870000	365
123.875000	3701
123.876000	459
123.890000	1933
123.894000	2345
123.894000	2342
123.907000	3152
123.917000	2603
123.929000	1138
123.930000	751
123.934000	892
123.935000	3564
123.936000	3843
123.944000	3812
123.956000	1887
123.958000	496
123.968000	2755
123.969000	3735
123.969000	2688
123.971000	1543
123.981000	2949
123.983000	2129
123.983000	3164
123.984000	3625
123.984000	3871
123.985000	3833
123.987000	3557
123.987000	47
123.989000	3137
123.997000	3657
123.997000	915
123.998000	3081
124.009000	3692
124.009000	2920
124.015000	876
124.015000	879
124.022000	3141
124.035000	3360
124.038000	41
124.038000	208
124.041000	1652
124.043000	283
124.049000	906
124.049000	1509
124.049000	3743
124.049000	2676
124.049000	1240
124.049000	1713
124.049000	2441
124.049000	2471
124.049000	2127
124.049000	2493
124.049000	2138
124.049000	2480
124.049000	3226
124.049000	2922
124.049000	770
124.049000	1656
124.049000	3195
124.049000	400
124.049000	3180
124.049000	3411
124.049000	1939
124.049000	423
124.049000	3316
124.049000	3227
124.049000	3798
124.049000	2547
124.049000	2205
124.049000	1328
124.049000	862
124.049000	280
124.049000	1758
124.049000	3744
124.049000	3542
124.049000	383
124.049000	1219
124.049000	257
124.049000	2985
124.049000	1737
124.049000	3069
124.050000	1265
124.054000	1196
124.061000	1492
124.061000	1098
124.062000	2254
124.062000	2253
124.066000	2832
124.066000	3653
124.074000	317
124.075000	3498
124.075000	2192
124.075000	2178
124.075000	2084
124.075000	1382
124.075000	2103
124.075000	3410
124.075000	1100
124.075000	2575
124.075000	3514
124.075000	2797
124.076000	1427
124.076000	1426
124.077000	61
124.080000	2225
124.082000	134
124.084000	2829
124.088000	3593
124.088000	1385
124.088000	3210
124.096000	1367
124.097000	880
124.101000	3500
124.101000	2816
124.101000	689
124.101000	493
124.101000	2585
124.105000	613
124.107000	2948
124.111000	2827
124.115000	1527
124.115000	1404
124.119000	160
124.124000	2852
124.128000	604
124.132000	2514
124.132000	672
124.133000	3388
124.137000	2488
124.141000	3133
124.141000	875
124.141000	1884
124.154000	797
124.154000	3212
124.154000	2895
124.167000	2351
124.169000	3062
124.169000	3913
124.194000	2227
124.201000	4026
124.229000	232
124.233000	776
124.245000	358
124.250000	837
124.261000	3750
124.273000	2611
124.276000	562
124.278000	3835
124.287000	871
124.289000	180
124.301000	3972
124.322000	1715
124.334000	1915
124.337000	1488
124.351000	1625
124.359000	591
124.367000	2461
124.395000	742
124.409000	737
124.410000	427
124.438000	3764
124.446000	3591
124.447000	1275
124.447000	2185
124.459000	2906
124.459000	1125
124.461000	1836
124.461000	1103
124.463000	161
124.474000	2651
124.474000	3011
124.474000	1270
124.474000	1603
124.474000	694
124.474000	3332
124.477000	391
124.487000	3361
124.496000	924
124.500000	2177
124.500000	830
124.500000	2189
124.500000	3271
124.500000	2703
124.500000	402
124.500000	2061
124.500000	2729
124.500000	2871
124.500000	2003
124.500000	2060
124.513000	2944
124.513000	1798
124.513000	2423
124.516000	1859
124.516000	1856
124.527000	3516
124.532000	2943
124.540000	1557
124.540000	1747
124.540000	1637
124.540000	2924
124.540000	1232
124.553000	2045
124.553000	3572
124.557000	2511
124.566000	3117
124.566000	773
124.570000	313
124.585000	1534
124.592000	216
124.598000	1804
124.606000	494
124.635000	3618
124.712000	535
124.713000	2723
124.739000	3368
124.743000	1745
124.765000	3908
124.781000	754
124.795000	2325
124.811000	3098
124.820000	2050
124.829000	3800
124.837000	48
124.899000	422
124.899000	2288
124.899000	3952
124.899000	3704
124.899000	2477
124.899000	3910
124.903000	3956
124.904000	1195
124.925000	1095
124.925000	3967
124.925000	3503
124.925000	3513
124.925000	3639
124.925000	1383
124.927000	3604
124.928000	1565
124.932000	1117
124.941000	849
124.952000	58
124.952000	2574
124.959000	3902
124.965000	1116
124.965000	2820
124.965000	1145
124.965000	1526
124.978000	2746
124.991000	1073
124.996000	1180
125.005000	2043
125.006000	3762
125.008000	437
125.031000	2778
125.032000	2976
125.071000	538
125.071000	2628
125.071000	1178
125.071000	2350
125.085000	3554
125.096000	326
125.151000	2789
125.172000	1714
125.183000	3725
125.186000	726
125.201000	1624
125.249000	3562
125.266000	438
125.273000	949
125.296000	3586
125.298000	424
125.299000	3534
125.303000	2324
125.313000	30
125.313000	66
125.313000	78
125.313000	212
125.316000	1654
125.324000	1131
125.324000	1918
125.324000	3486
125.324000	2139
125.324000	1843
125.324000	2873
125.324000	2072
125.324000	2474
125.324000	2336
125.324000	2916
125.324000	2220
125.324000	1762
125.324000	3443
125.324000	1554
125.324000	2283
125.324000	608
125.324000	3381
125.337000	3362
125.337000	2256
125.343000	285
125.351000	3130
125.351000	3969
125.351000	3518
125.351000	3348
125.377000	1844
125.382000	388
125.390000	1739
125.390000	1079
125.390000	874
125.395000	1317
125.407000	2510
125.421000	611
125.443000	774
125.456000	1912
125.456000	3016
125.459000	425
125.476000	2878
125.495000	129
125.522000	324
125.551000	1297
125.554000	2457
125.589000	3928
125.637000	471
125.697000	1285
125.697000	759
125.710000	3669
125.731000	3993
125.735000	1499
125.749000	396
125.749000	2440
125.749000	3313
125.749000	1790
125.749000	1806
125.749000	3550
125.749000	1069
125.749000	3415
125.749000	2686
125.776000	2102
125.776000	1377
125.776000	2339
125.776000	2010
125.780000	735
125.788000	1501
125.797000	1150
125.801000	1127
125.805000	654
125.815000	3592
125.815000	1044
125.829000	2770
125.829000	385
125.829000	2044
125.855000	2397
125.856000	2378
125.881000	3656
125.908000	2352
125.911000	780
125.911000	3620
125.959000	1627
126.047000	2633
126.107000	1433
126.109000	2320
126.116000	439
126.128000	472
126.133000	1033
126.135000	1278
126.175000	3267
126.175000	1035
126.180000	1467
126.201000	3666
126.201000	3369
126.201000	1031
126.272000	1321
126.307000	1081
126.307000	3681
126.308000	2978
126.309000	444
126.333000	1162
126.355000	943
126.396000	889
126.519000	3555
126.521000	1837
126.534000	755
126.587000	162
126.600000	1158
126.612000	1496
126.613000	2259
126.639000	2614
126.653000	3736
126.687000	2231
126.761000	779
126.841000	125
126.851000	1916
126.957000	2731
127.025000	3178
127.037000	1585
127.051000	1662
127.087000	2654
127.091000	281
127.096000	1323
127.096000	1318
127.109000	2323
127.160000	782
127.183000	3504
127.223000	3778
127.273000	888
127.290000	3445
127.422000	3587
127.462000	17
127.467000	946
127.516000	1655
127.635000	3683
127.646000	164
127.860000	1032
127.915000	794
127.986000	1469
128.047000	2629
128.274000	1791
128.351000	226
128.434000	2979
128.658000	540
129.191000	1460
129.429000	541
129.704000	2879
130.883000	1461
131.649000	2263
132.922000	850
203.317000	192
203.317000	167
203.317000	140
203.317000	16
203.317000	8
203.317000	133
203.317000	102
203.317000	110
203.317000	53
203.317000	97
203.317000	4
203.317000	242
203.329000	145
203.330000	1566
203.330000	2450
203.330000	2454
203.330000	3182
203.330000	2635
203.330000	301
203.330000	2761
203.330000	1220
203.330000	3774
203.330000	3865
203.330000	3511
203.330000	3192
203.330000	2425
203.330000	2337
203.330000	932
203.330000	1172
203.330000	1176
203.330000	1215
203.330000	593
203.330000	440
203.330000	2639
203.330000	3515
203.330000	3038
203.330000	2494
203.330000	2491
203.330000	3846
203.330000	923
203.330000	3792
203.330000	3505
203.330000	2007
203.330000	1371
203.330000	2170
203.330000	2779
203.330000	3678
203.330000	260
203.330000	3277
203.330000	2302
203.330000	3495
203.330000	2781
203.330000	2689
203.330000	2572
203.330000	3799
203.330000	3249
203.330000	3315
203.330000	2756
203.330000	393
203.330000	645
203.330000	2252
203.330000	3370
203.330000	2565
203.330000	386
203.330000	3310
203.330000	1338
203.330000	1677
203.330000	3575
203.330000	2022
203.330000	3594
203.330000	621
203.330000	2507
203.330000	3630
203.330000	3412
203.330000	290
203.330000	635
203.330000	462
203.330000	3358
203.330000	2402
203.330000	2408
203.330000	2539
203.330000	3030
203.330000	934
203.330000	2273
203.330000	1657
203.330000	1498
203.330000	3380
203.330000	1012
203.330000	347
203.330000	617
203.330000	349
203.330000	2017
203.330000	2068
203.330000	2463
203.330000	2460
203.330000	1869
203.330000	2118
203.330000	375
203.330000	1134
203.330000	868
203.330000	3709
203.330000	3389
203.330000	1927
203.330000	2617
203.330000	2912
203.330000	1669
203.330000	2114
203.330000	2110
203.330000	3063
203.330000	3875
203.330000	554
203.330000	2033
203.338000	745
203.342000	153
203.342000	119
203.342000	64
203.342000	88
203.342000	178
203.342000	191
203.342000	231
203.342000	50
203.342000	245
203.342000	101
203.342000	46
203.342000	44
203.343000	1004
203.343000	1259
203.344000	3904
203.351000	2775
203.355000	122
203.356000	276
203.357000	2015
203.357000	2389
203.357000	2128
203.357000	2121
203.357000	602
203.357000	3941
203.357000	1288
203.357000	1600
203.357000	3738
203.357000	3354
203.357000	2295
203.357000	2727
203.357000	1614
203.357000	817
203.357000	495
203.357000	3448
203.357000	3366
203.357000	2805
203.357000	1594
203.357000	716
203.357000	939
203.357000	3577
203.357000	3401
203.357000	3658
203.357000	2562
203.357000	647
203.357000	828
203.357000	2774
203.357000	4028
203.357000	1038
203.357000	1814
203.357000	699
203.357000	692
203.357000	2393
203.357000	3097
203.357000	4019
203.357000	4018
203.357000	4013
203.357000	1779
203.357000	2556
203.357000	2840
203.357000	3538
203.357000	3851
203.357000	3537
203.357000	2038
203.357000	2737
203.357000	1544
203.357000	2940
203.357000	3326
203.357000	1160
203.357000	1766
203.357000	2419
203.357000	2092
203.357000	785
203.357000	2528
203.357000	307
203.357000	3918
203.357000	2445
203.357000	777
203.357000	572
203.357000	3046
203.357000	3135
203.357000	3002
203.357000	1633
203.357000	3235
203.357000	1369
203.357000	1980
203.357000	2051
203.357000	1519
203.357000	557
203.357000	1644
203.357000	2998
203.357000	2047
203.357000	2424
203.357000	2292
203.357000	2078
203.357000	2869
203.357000	1391
203.357000	2064
203.357000	1252
203.357000	3714
203.357000	3394
203.357000	2956
203.357000	1691
203.357000	1503
203.357000	1672
203.361000	843
203.362000	1334
203.362000	1039
203.370000	3567
203.370000	3520
203.378000	3010
203.381000	19
203.381000	84
203.381000	225
203.381000	137
203.381000	215
203.383000	2552
203.383000	1972
203.386000	670
203.388000	2296
203.391000	996
203.396000	2952
203.396000	2558
203.396000	2569
203.396000	926
203.396000	2941
203.396000	839
203.396000	696
203.396000	1944
203.396000	2766
203.396000	1701
203.396000	1129
203.396000	1238
203.396000	1820
203.396000	3345
203.396000	2914
203.396000	486
203.396000	1697
203.396000	1932
203.396000	4001
203.396000	968
203.396000	3352
203.396000	659
203.396000	2249
203.396000	1263
203.396000	1646
203.396000	2927
203.396000	2071
203.396000	3254
203.396000	2446
203.396000	1061
203.396000	3357
203.396000	1246
203.396000	1247
203.396000	525
203.396000	3303
203.396000	451
203.396000	3477
203.396000	1360
203.396000	3070
203.396000	1350
203.396000	473
203.396000	2506
203.396000	2218
203.396000	2212
203.396000	1635
203.396000	3066
203.396000	3111
203.396000	2226
203.396000	1620
203.396000	2062
203.396000	1281
203.396000	3612
203.396000	382
203.400000	1486
203.404000	1412
203.408000	1535
203.409000	2642
203.409000	3781
203.409000	1312
203.409000	3553
203.415000	3959
203.423000	1589
203.423000	3948
203.423000	1169
203.423000	2581
203.423000	3084
203.423000	3373
203.430000	1849
203.436000	3648
203.436000	2462
203.436000	1397
203.445000	983
203.449000	3333
203.449000	3379
203.450000	2926
203.462000	1596
203.462000	648
203.470000	73
203.475000	3758
203.489000	2307
203.509000	3996
203.511000	867
203.516000	294
203.517000	3914
203.528000	758
203.528000	761
203.528000	430
203.541000	1201
203.547000	3569
203.571000	3979
203.572000	1704
203.577000	431
203.579000	2732
203.588000	3384
203.597000	1001
203.609000	3703
203.609000	2499
203.614000	3998
203.622000	3467
203.631000	112
203.650000	2969
203.654000	1348
203.678000	173
203.683000	3032
203.687000	237
203.696000	936
203.703000	3282
203.703000	1885
203.703000	3283
203.707000	2818
203.716000	2004
203.716000	700
203.728000	271
203.729000	2373
203.729000	92
203.754000	2623
203.754000	1078
203.755000	1014
203.755000	2163
203.755000	399
203.761000	2201
203.769000	1101
203.770000	289
203.771000	3036
203.782000	2859
203.785000	988
203.808000	3551
203.808000	1266
203.811000	1860
203.821000	972
203.836000	3955
203.838000	627
203.848000	1852
203.848000	3951
203.861000	2719
203.861000	650
203.869000	2945
203.870000	984
203.874000	1830
203.887000	679
203.889000	1430
203.922000	2146
203.931000	4021
203.932000	2679
203.951000	2475
203.952000	3813
204.002000	2374
204.009000	3919
204.034000	3890
204.038000	3570
204.049000	3094
204.062000	2524
204.067000	3525
204.074000	2209
204.078000	709
204.115000	2264
204.115000	3784
204.115000	2245
204.116000	1119
204.116000	182
204.126000	1386
204.128000	3279
204.128000	3299
204.136000	3128
204.140000	1521
204.148000	1618
204.150000	1298
204.154000	3341
204.154000	3742
204.163000	1801
204.166000	52
204.166000	255
204.166000	198
204.166000	142
204.167000	2697
204.171000	325
204.181000	3031
204.181000	2566
204.181000	2913
204.181000	261
204.181000	394
204.181000	2795
204.181000	2409
204.181000	1173
204.181000	1197
204.181000	2171
204.181000	2018
204.181000	3216
204.181000	2847
204.181000	2447
204.181000	1258
204.181000	2618
204.181000	3631
204.181000	2807
204.181000	329
204.181000	3598
204.181000	1325
204.181000	2034
204.181000	3747
204.186000	1042
204.194000	955
204.194000	1260
204.207000	3660
204.207000	2053
204.207000	521
204.207000	2573
204.207000	1253
204.207000	1783
204.207000	3393
204.220000	3521
204.220000	1261
204.220000	2663
204.228000	3013
204.233000	2444
204.237000	636
204.239000	1157
204.241000	1568
204.247000	2097
204.247000	2219
204.254000	3479
204.260000	2502
204.277000	1452
204.290000	1425
204.299000	2312
204.303000	2279
204.313000	476
204.314000	3896
204.322000	3652
204.330000	1680
204.331000	3960
204.358000	3549
204.367000	3916
204.380000	2359
204.393000	3881
204.413000	3127
204.432000	897
204.437000	2591
204.461000	1227
204.465000	637
204.473000	1130
204.478000	3452
204.478000	3836
204.486000	3685
204.500000	664
204.503000	564
204.540000	1204
204.548000	251
204.558000	1940
204.566000	2000
204.566000	2899
204.571000	1290
204.589000	315
204.590000	569
204.591000	38
204.593000	2693
204.593000	2024
204.598000	2322
204.606000	2286
204.606000	3597
204.606000	2881
204.606000	2289
204.606000	3256
204.614000	1571
204.632000	603
204.632000	2124
204.645000	1268
204.645000	2649
204.655000	20
204.657000	319
204.659000	3581
204.661000	1861
204.672000	3429
204.686000	3921
204.711000	2724
204.711000	2720
204.711000	2722
204.711000	2717
204.715000	3732
204.732000	3970
204.736000	1976
204.738000	1352
204.738000	2947
204.751000	3759
204.792000	2808
204.794000	598
204.797000	1905
204.805000	2713
204.834000	1767
204.836000	3767
204.837000	3116
204.867000	1445
204.879000	1665
204.899000	3147
204.900000	3136
204.924000	1306
204.924000	2743
204.926000	743
204.939000	3232
204.952000	3266
204.952000	2582
204.965000	549
204.965000	1478
204.971000	3966
204.972000	247
204.973000	1807
204.978000	3280
204.997000	2183
205.005000	3342
205.005000	3711
205.005000	2930
205.016000	2512
205.016000	51
205.026000	1479
205.031000	514
205.031000	328
205.036000	2203
205.041000	2386
205.044000	2652
205.057000	2954
205.057000	1016
205.057000	2587
205.060000	1877
205.084000	1647
205.084000	2594
205.084000	3661
205.084000	3607
205.084000	2549
205.088000	2277
205.097000	2885
205.097000	3433
205.097000	712
205.097000	2876
205.101000	526
205.101000	1742
205.110000	2501
205.115000	3957
205.144000	219
205.163000	3636
205.171000	3154
205.208000	3470
205.233000	3123
205.233000	209
205.235000	404
205.244000	3877
205.250000	3090
205.261000	3769
205.267000	3852
205.269000	2609
205.289000	3385
205.298000	878
205.309000	3829
205.312000	1864
205.343000	3526
205.349000	2602
205.349000	2751
205.378000	884
205.390000	1203
205.390000	3716
205.393000	2012
205.409000	3339
205.417000	2173
205.432000	1771
205.434000	596
205.455000	2627
205.456000	2239
205.456000	869
205.456000	2023
205.456000	1678
205.469000	1262
205.483000	1438
205.483000	3146
205.494000	1041
205.496000	3072
205.500000	1432
205.500000	950
205.505000	21
205.509000	3582
205.510000	1083
205.510000	1056
205.522000	2361
205.535000	2233
205.535000	2230
205.575000	3544
205.588000	3634
205.588000	1870
205.615000	1760
205.686000	3766
205.747000	917
205.774000	2786
205.774000	2742
205.789000	3719
205.819000	3900
205.842000	2967
205.843000	1094
205.859000	1549
205.895000	2600
205.906000	831
205.906000	3583
205.908000	1615
205.908000	725
205.934000	2148
205.934000	2599
205.950000	1373
205.961000	1440
205.987000	1476
205.989000	2476
205.991000	499
206.013000	2980
206.026000	1723
206.060000	644
206.132000	3988
206.133000	896
206.138000	1994
206.169000	532
206.175000	738
206.189000	3961
206.246000	1107
206.265000	35
206.290000	13
206.290000	223
206.293000	1522
206.301000	1480
206.333000	1513
206.333000	1437
206.346000	2151
206.373000	3439
206.375000	1329
206.384000	318
206.431000	2235
206.439000	477
206.536000	3768
206.544000	1661
206.568000	2987
206.570000	502
206.625000	3447
206.653000	2709
206.693000	1096
206.695000	565
206.699000	336
206.732000	2404
206.732000	2850
206.732000	3185
206.735000	500
206.737000	1415
206.758000	567
206.758000	1434
206.760000	3901
206.798000	730
206.810000	2752
206.832000	1751
206.837000	518
206.864000	2631
206.864000	2466
206.873000	3119
206.890000	3637
206.929000	3810
206.960000	1768
206.969000	2610
207.043000	638
207.076000	3706
207.104000	1649
207.131000	2931
207.135000	3748
207.136000	1293
207.157000	2206
207.157000	1303
207.210000	1524
207.236000	3690
207.240000	630
207.248000	769
207.582000	665
207.602000	1574
207.609000	3336
207.609000	1018
207.609000	1616
207.609000	1015
207.741000	1442
207.767000	1838
207.927000	2748
207.981000	3382
208.224000	2223
208.513000	2240
208.589000	832
209.242000	1424
209.502000	3376
209.700000	2247
209.789000	2242
210.639000	2243
214.573000	1965
214.718000	2355
214.964000	2360
215.417000	3726
215.809000	3926
216.412000	3751
217.037000	2517
217.183000	482
217.887000	2513
218.183000	1675
219.610000	625
221.631000	1811
222.008000	1889
222.766000	346
227.600000	1393
229.662000	3058
232.317000	835
233.746000	3372
233.951000	927
234.801000	3456
235.586000	3891
236.583000	3973
237.455000	2848
237.804000	2416
238.213000	3632
239.040000	3329
239.670000	663
239.757000	2780
240.191000	2469
240.742000	1156
240.787000	816
240.961000	3490
242.003000	3838
242.163000	3787
242.477000	854
242.596000	3311
242.934000	3823
243.837000	2710
243.918000	1320
244.021000	205
244.177000	217
244.341000	240
244.722000	3263
244.824000	244
244.830000	190
245.042000	491
245.282000	91
245.553000	56
245.621000	2857
245.804000	748
245.897000	1191
246.320000	749
246.403000	14
246.423000	2799
246.667000	1485
247.306000	1403
247.725000	2145
249.030000	1569
249.722000	750
249.758000	3474
249.890000	771
250.178000	3867
250.298000	2849
250.316000	1088
250.717000	1853
251.605000	379
255.954000	2451
260.664000	2937
280.943000	2085
281.788000	1109
283.445000	147
283.445000	154
283.445000	163
283.462000	675
283.462000	2535
283.462000	1090
283.462000	1769
283.462000	2702
283.462000	2520
283.462000	344
283.462000	1883
283.462000	2860
283.462000	2284
283.462000	3832
283.462000	446
283.462000	2224
283.462000	1406
283.462000	1992
283.462000	3221
283.462000	1036
283.462000	3844
283.462000	1688
283.462000	3300
283.462000	2641
283.462000	2331
283.462000	3275
283.462000	959
283.462000	306
283.462000	1495
283.462000	3188
283.462000	3257
283.462000	1243
283.462000	566
283.462000	1115
283.462000	1104
283.462000	2063
283.462000	1047
283.462000	1136
283.462000	721
283.462000	3517
283.462000	3253
283.462000	1703
283.462000	3163
283.462000	3563
283.462000	2046
283.462000	1734
283.462000	258
283.462000	704
283.470000	82
283.470000	117
283.470000	172
283.470000	197
283.470000	79
283.470000	76
283.489000	2478
283.489000	3284
283.489000	616
283.489000	3218
283.489000	1347
283.489000	4010
283.489000	1718
283.489000	1392
283.489000	3614
283.489000	1708
283.489000	3602
283.489000	1638
283.489000	2132
283.489000	2426
283.489000	2107
283.489000	2950
283.489000	2904
283.489000	1049
283.489000	2365
283.489000	3615
283.489000	4024
283.489000	2975
283.489000	1999
283.489000	3623
283.489000	2090
283.489000	992
283.489000	1299
283.489000	1188
283.489000	778
283.489000	698
283.489000	3540
283.489000	3837
283.489000	1474
283.489000	529
283.489000	655
283.489000	1729
283.489000	1792
283.489000	1133
283.489000	3074
283.489000	3079
283.489000	646
283.489000	1786
283.496000	2257
283.502000	2394
283.502000	2928
283.502000	2589
283.507000	1706
283.509000	1354
283.509000	151
283.511000	2963
283.515000	1528
283.515000	3624
283.528000	594
283.528000	3107
283.528000	3864
283.528000	2664
283.528000	3399
283.528000	3773
283.528000	3042
283.528000	3404
283.528000	1824
283.528000	618
283.528000	1123
283.528000	3962
283.528000	2169
283.528000	2094
283.528000	3177
283.528000	3179
283.528000	4029
283.528000	2214
283.528000	2965
283.528000	2371
283.528000	902
283.528000	3392
283.528000	3720
283.528000	649
283.528000	3925
283.528000	3857
283.528000	2372
283.528000	586
283.529000	1120
283.541000	1683
283.555000	2042
283.594000	1943
283.597000	894
283.607000	1207
283.617000	852
283.621000	1650
283.634000	3912
283.654000	1896
283.700000	3841
283.720000	1835
283.734000	461
283.741000	3936
283.794000	1575
283.794000	561
283.820000	2785
283.827000	2172
283.831000	139
283.833000	3684
283.843000	2500
283.846000	314
283.856000	273
283.861000	2882
283.861000	3819
283.874000	3779
283.877000	239
283.886000	1064
283.887000	3431
283.887000	3435
283.897000	985
283.931000	1787
283.934000	1362
283.940000	2692
283.942000	1921
283.942000	1893
283.946000	3419
283.959000	2202
283.983000	641
284.027000	2112
284.033000	1200
284.037000	2886
284.140000	3453
284.159000	1741
284.189000	268
284.200000	166
284.211000	3426
284.213000	111
284.223000	420
284.230000	10
284.247000	1076
284.269000	6
284.272000	3509
284.272000	3378
284.298000	2880
284.298000	1161
284.313000	447
284.313000	3059
284.313000	3842
284.326000	3696
284.339000	1065
284.339000	1728
284.352000	762
284.375000	676
284.379000	2526
284.390000	2735
284.405000	1181
284.413000	3092
284.421000	909
284.431000	765
284.450000	1428
284.481000	681
284.581000	3125
284.629000	250
284.645000	2275
284.672000	3809
284.688000	3672
284.698000	1746
284.698000	1198
284.710000	3027
284.710000	2997
284.717000	277
284.718000	282
284.720000	3229
284.750000	2483
284.751000	3698
284.755000	629
284.757000	31
284.775000	1564
284.787000	3645
284.804000	2643
284.861000	3765
284.864000	1679
284.870000	2088
284.870000	2086
284.870000	2694
284.909000	3915
284.909000	2812
284.919000	3121
284.929000	1023
284.947000	3909
285.018000	2550
285.034000	1888
285.035000	1410
285.056000	3288
285.097000	1154
285.127000	1453
285.137000	3821
285.141000	863
285.143000	1365
285.163000	1858
285.163000	883
285.188000	2001
285.189000	1497
285.189000	2621
285.201000	1019
285.209000	1355
285.214000	1276
285.229000	550
285.233000	116
285.242000	1696
285.273000	537
285.329000	1327
285.341000	505
285.362000	3898
285.381000	903
285.387000	3687
285.387000	2504
285.402000	270
285.415000	3455
285.443000	2597
285.468000	2527
285.485000	1418
285.494000	2681
285.521000	2759
285.539000	2837
285.547000	3478
285.576000	1085
285.581000	227
285.588000	1271
285.588000	1105
285.588000	1407
285.594000	80
285.615000	711
285.628000	2353
285.641000	3729
285.646000	3421
285.651000	513
285.654000	827
285.654000	1735
285.654000	4007
285.681000	3929
285.696000	213
285.786000	3874
285.895000	3746
285.901000	2530
285.961000	3817
285.978000	3805
285.984000	487
285.992000	1378
286.040000	2678
286.045000	1087
286.114000	1847
286.129000	1985
286.135000	940
286.168000	384
286.214000	1003
286.226000	2671
286.266000	469
286.328000	248
286.336000	1419
286.373000	3987
286.456000	1539
286.478000	2588
286.518000	1694
286.622000	744
286.651000	2467
286.691000	2555
286.717000	3367
286.780000	3931
286.841000	864
286.859000	1148
286.864000	3530
286.930000	757
287.163000	4030
287.179000	3755
287.189000	693
287.206000	3757
287.223000	3981
287.474000	539
287.582000	1108
287.592000	269
287.604000	406
287.665000	2838
287.772000	3420
287.833000	2311
287.857000	1780
288.000000	912
288.005000	801
288.240000	1794
288.275000	1550
288.551000	298
288.616000	3911
289.002000	3638
289.024000	1813
289.309000	467
289.335000	857
289.335000	468
289.707000	1541
291.832000	804
294.698000	2244
294.792000	2877
295.077000	458
295.086000	1716
295.193000	2828
295.534000	783
295.670000	2955
295.677000	1632
295.698000	1750
295.826000	3989
295.880000	2104
295.899000	3400
295.941000	1812
296.075000	1631
296.112000	463
296.118000	1904
296.246000	885
296.346000	3691
296.445000	186
296.509000	671
296.643000	1022
297.180000	1848
297.240000	3402
297.329000	3545
297.345000	660
297.459000	1241
297.635000	1211
297.682000	2459
297.965000	1636
298.126000	667
298.147000	335
298.153000	3727
298.172000	3944
298.328000	3670
298.356000	3713
298.390000	3590
298.402000	3149
298.495000	1606
298.584000	552
298.725000	731
299.248000	3153
299.254000	1208
299.794000	2782
299.927000	1990
300.054000	2982
300.132000	1558
303.246000	708
303.794000	1797
305.502000	1873
306.169000	3006
306.242000	2968
306.524000	3134
306.658000	2903
307.623000	1988
307.648000	1272
308.278000	2787
308.354000	3053
308.388000	2986
308.950000	1179
309.321000	1740
309.428000	1993
309.620000	2730
309.966000	3749
310.457000	3203
310.549000	3118
311.625000	2142
311.625000	2140
311.747000	792
313.223000	478
313.658000	2175
313.724000	411
314.416000	2586
314.775000	3573
314.841000	553
314.848000	3664
315.344000	3906
315.468000	1673
315.576000	605
315.919000	3977
316.103000	697
317.136000	1304
317.256000	2810
317.256000	2809
317.286000	558
317.370000	1784
317.418000	786
317.471000	781
317.780000	303
317.867000	3640
317.958000	1726
317.977000	834
318.094000	3104
318.131000	2570
318.166000	130
318.186000	230
318.308000	2620
318.435000	2213
318.502000	1970
318.520000	543
318.827000	1339
319.094000	1979
319.366000	2607
319.527000	1002
319.765000	2655
319.823000	3790
319.938000	2644
320.102000	2831
320.216000	2606
320.461000	520
320.628000	1368
320.642000	2077
320.711000	449
320.788000	2640
320.912000	3307
320.912000	3327
320.996000	222
321.112000	2567
321.311000	2687
321.320000	3129
321.338000	1436
321.395000	252
321.510000	2149
321.869000	1082
321.948000	75
322.294000	2410
322.387000	2207
322.530000	3715
322.687000	1465
322.747000	3413
322.823000	99
323.119000	1923
323.140000	1236
323.157000	808
323.157000	810
323.199000	363
323.425000	179
323.445000	2303
323.565000	1010
323.803000	1705
323.938000	387
323.956000	2186
324.288000	3965
324.429000	1030
324.433000	813
324.442000	2067
324.468000	3650
324.561000	96
324.793000	2188
324.801000	1257
324.828000	2855
324.872000	2266
324.894000	2430
324.946000	825
324.974000	3702
325.323000	2486
325.704000	2135
325.704000	2817
325.757000	2563
325.797000	2769
325.891000	3882
325.945000	1000
325.963000	2579
326.069000	2182
326.098000	408
326.441000	11
326.531000	5
326.555000	3278
326.758000	3771
326.794000	126
326.860000	2740
326.926000	1187
326.948000	409
327.150000	356
327.379000	3186
327.383000	392
327.498000	1974
327.498000	1164
328.139000	3870
328.322000	1613
328.693000	100
328.747000	2198
328.992000	3528
329.106000	1608
329.343000	841
329.531000	3782
329.635000	1244
330.009000	3601
330.233000	3947
330.354000	1494
330.408000	1353
330.421000	3440
330.820000	512
331.206000	3260
331.303000	1075
331.342000	3733
331.631000	3437
332.012000	1962
332.111000	3872
332.440000	1421
334.340000	2988
335.563000	3671
343.197000	1949
353.175000	3635
358.663000	2760
362.770000	2428
362.991000	2379
364.505000	2079
366.990000	2052
372.539000	2180
373.561000	1532
373.647000	4014
373.713000	4016
374.807000	443
374.816000	1322
374.896000	297
374.896000	296
374.973000	103
375.017000	143
375.075000	2991
375.135000	2698
375.267000	1254
375.308000	3937
375.325000	295
375.450000	1899
375.464000	3018
375.534000	2228
375.550000	3990
375.574000	3259
375.574000	3476
375.770000	3971
375.799000	1092
375.826000	3662
375.858000	3048
375.904000	820
375.925000	4023
375.987000	1305
376.000000	1674
376.009000	4005
376.118000	2734
376.123000	3343
376.248000	464
376.291000	2458
376.334000	3547
376.419000	3488
376.423000	1640
376.424000	3258
376.437000	3760
376.503000	1113
376.518000	1960
376.528000	3917
376.548000	259
376.557000	3383
376.559000	149
376.569000	845
376.699000	3663
376.877000	3566
376.915000	3075
376.981000	3314
377.013000	1865
377.023000	366
377.035000	3589
377.053000	2452
377.113000	1757
377.190000	881
377.219000	3999
377.240000	263
377.261000	2772
377.274000	2332
377.301000	998
377.306000	370
377.326000	1490
377.446000	2616
377.472000	2932
377.537000	299
377.583000	3850
377.599000	1481
377.627000	993
377.634000	739
377.690000	734
377.734000	3847
377.743000	3611
377.787000	1141
377.877000	3731
377.890000	2884
377.950000	3655
377.965000	2977
378.032000	3621
378.309000	833
378.364000	3434
378.364000	533
378.372000	3893
378.456000	4032
378.456000	3019
378.460000	1692
378.563000	2318
378.679000	585
378.975000	3496
378.988000	872
379.003000	1772
379.081000	958
379.140000	3418
379.173000	1040
379.224000	291
379.227000	1213
379.227000	3728
379.441000	2534
379.505000	3879
379.597000	185
379.897000	3643
380.084000	241
380.333000	752
380.405000	2503
380.470000	501
380.564000	2791
380.635000	2482
380.914000	2455
381.068000	498
381.261000	3535
381.389000	1954
381.928000	1500
382.145000	184
382.197000	1951
382.198000	2887
382.273000	1507
382.280000	3143
382.350000	3619
382.481000	2911
382.496000	3646
383.104000	3009
383.288000	1560
383.413000	3108
383.562000	1573
383.562000	1570
383.606000	3162
383.915000	3012
384.025000	1929
384.029000	1448
384.229000	2272
384.604000	1738
385.692000	3140
385.963000	1387
386.251000	870
386.590000	3151
386.849000	3707
387.233000	1765
387.706000	2902
387.778000	3740
387.806000	1283
388.179000	1958
388.179000	1959
388.205000	1269
388.517000	2874
388.647000	620
389.099000	3086
389.112000	1886
389.440000	1756
389.950000	3089
390.019000	643
390.053000	1720
390.442000	1907
390.783000	2833
391.040000	3065
391.092000	1827
391.134000	1189
391.365000	3159
391.598000	622
391.784000	2143
392.204000	678
392.301000	1821
392.314000	1547
392.457000	3105
393.067000	1324
393.253000	3416
393.486000	910
393.612000	389
393.618000	2793
393.685000	1118
393.852000	1346
394.175000	1229
394.220000	2893
394.463000	3091
394.949000	2269
394.981000	3457
395.092000	2381
395.757000	1511
395.797000	3320
395.801000	2843
395.803000	412
395.835000	369
396.287000	3543
396.363000	581
396.794000	2105
396.832000	407
397.061000	305
397.267000	682
397.376000	106
397.521000	141
397.564000	2744
397.878000	545
397.934000	3741
397.985000	691
398.108000	3761
398.142000	2217
398.467000	3353
398.591000	1722
398.887000	575
399.007000	1059
399.037000	2612
399.046000	2896
399.105000	132
399.144000	3428
399.219000	2645
399.251000	3391
399.271000	405
399.353000	3099
399.361000	1686
399.370000	3102
399.383000	1099
399.511000	2167
399.620000	121
399.645000	327
399.655000	1336
399.662000	3788
399.803000	3884
399.823000	3308
399.915000	2236
399.938000	488
399.989000	243
399.994000	3425
400.111000	703
400.119000	1841
400.170000	1183
400.307000	1546
400.326000	2590
400.454000	3887
400.498000	3834
400.508000	2764
400.659000	3780
400.693000	2406
400.734000	322
400.826000	2069
400.853000	2081
400.854000	1226
400.952000	2413
401.084000	3950
401.242000	2313
401.336000	2788
401.364000	3992
401.571000	2152
401.580000	1470
401.600000	25
401.604000	1464
401.904000	2417
402.064000	489
402.064000	3789
402.237000	3531
402.288000	3338
402.290000	3824
402.316000	2429
402.345000	450
402.345000	448
402.408000	2048
402.431000	1466
402.501000	1013
402.653000	715
402.659000	2803
402.679000	2660
402.860000	2960
402.865000	2667
402.975000	1667
403.201000	2863
403.201000	2864
403.272000	2536
403.317000	2116
403.385000	1583
403.519000	1611
403.644000	1630
403.650000	3248
403.681000	507
403.710000	2962
403.870000	353
403.876000	193
404.047000	1409
404.083000	1053
404.149000	1364
404.254000	2059
404.335000	2278
404.467000	2684
404.486000	1599
404.492000	246
404.495000	1110
404.556000	1693
404.592000	2117
404.599000	157
404.600000	2066
404.657000	631
404.719000	1839
404.742000	1664
404.818000	3350
404.824000	113
404.839000	3349
404.985000	83
405.003000	1581
405.043000	3775
405.105000	158
405.139000	1928
405.250000	1135
405.278000	3292
405.327000	2900
405.411000	1206
405.411000	2658
405.532000	3907
405.562000	3745
405.710000	236
405.716000	3405
405.773000	1591
405.778000	337
405.797000	2523
405.831000	1552
405.902000	2111
405.926000	610
405.929000	2076
405.954000	159
406.094000	3351
406.101000	1137
406.128000	3289
406.143000	714
406.227000	2095
406.236000	3642
406.338000	1966
406.349000	2179
406.447000	3854
406.580000	1166
406.581000	3252
406.625000	3806
406.638000	2280
406.646000	1159
406.723000	36
406.744000	3777
406.802000	1668
406.990000	2815
407.141000	848
407.152000	2162
407.159000	1815
407.218000	2031
407.520000	238
407.542000	1399
407.564000	2668
407.750000	3272
407.762000	2711
407.954000	2267
407.992000	452
408.044000	718
408.055000	3801
408.254000	3291
408.353000	2096
408.426000	2622
408.499000	69
408.738000	851
408.738000	2343
408.774000	275
409.024000	3700
409.052000	2677
409.359000	1892
409.536000	2276
409.650000	997
409.765000	2543
409.839000	536
410.423000	228
410.739000	3406
410.771000	2682
410.907000	94
410.928000	964
410.939000	2195
410.984000	343
411.013000	1753
411.404000	756
411.410000	956
411.519000	81
411.635000	976
411.803000	28
412.214000	1380
412.228000	2391
412.307000	2304
412.412000	503
412.579000	966
412.798000	3613
413.100000	980
413.114000	973
413.148000	2784
413.471000	2056
414.697000	1417
414.747000	2055
415.043000	589
415.096000	2638
415.191000	1379
415.564000	378
415.616000	1414
416.094000	736
417.105000	2953
420.346000	995
422.382000	1439
424.448000	1878
424.717000	3026
427.754000	1621
435.023000	2901
440.319000	2396
442.923000	929
445.078000	990
445.239000	207
445.427000	3250
446.869000	2136
447.290000	987
449.694000	18
451.178000	952
452.077000	2673
453.845000	4003
454.107000	368
455.004000	419
455.147000	3737
455.181000	380
455.218000	3451
455.259000	470
455.388000	1851
455.452000	3676
455.546000	4031
455.666000	3668
455.666000	2229
455.823000	1489
455.864000	1289
456.038000	2194
456.489000	2741
456.795000	3017
456.938000	454
456.948000	1894
456.955000	1793
457.069000	1142
457.076000	3868
457.091000	3694
457.166000	3927
457.169000	3895
457.317000	3697
457.319000	2251
457.425000	2421
457.444000	1776
457.582000	417
457.653000	3922
457.744000	587
457.759000	1024
457.837000	3754
457.858000	1192
457.875000	3644
457.878000	3923
457.883000	1316
457.941000	753
458.030000	1755
458.118000	2773
458.230000	1850
458.311000	1774
458.429000	331
458.455000	3139
458.884000	3561
458.959000	846
459.134000	3628
459.232000	2578
459.279000	3600
459.348000	747
459.364000	156
459.579000	583
459.598000	1709
459.899000	333
459.960000	3845
460.013000	3073
460.290000	2193
460.549000	3377
460.550000	796
460.799000	1955
460.808000	2971
460.861000	1538
461.006000	3558
462.161000	1629
462.731000	856
462.774000	1717
462.966000	1788
463.017000	1925
463.546000	309
463.750000	2250
463.890000	1447
464.623000	4002
464.954000	2907
465.148000	3001
465.474000	1441
466.424000	2999
466.716000	1388
467.318000	1778
467.739000	1733
468.311000	1961
468.384000	1651
469.432000	2825
469.574000	2959
470.055000	3085
470.082000	1562
470.119000	1719
470.147000	1917
470.359000	3035
470.701000	1702
470.790000	1727
470.800000	1313
470.985000	2237
471.699000	2830
471.982000	1277
472.422000	1542
473.067000	2383
473.545000	1057
473.557000	2232
473.866000	2908
474.108000	1872
474.460000	2347
474.711000	284
474.855000	1359
475.438000	1340
475.438000	1342
475.618000	579
475.741000	1517
475.829000	1315
475.889000	1536
475.923000	2891
476.025000	547
476.041000	3040
476.219000	787
476.474000	3285
476.701000	267
476.800000	3459
476.879000	2268
476.911000	1978
476.911000	2747
476.924000	2659
477.056000	3839
477.762000	2369
477.841000	1086
477.893000	1516
478.036000	1563
478.108000	2992
478.621000	2934
478.785000	3471
478.859000	2070
478.949000	1711
479.205000	1132
479.595000	1066
479.762000	3886
479.861000	3346
480.273000	2398
480.375000	3510
480.682000	819
480.690000	2897
481.159000	1685
481.202000	662
481.296000	2087
481.370000	2099
481.397000	485
482.000000	1653
482.076000	3512
482.106000	3403
482.110000	1555
482.152000	1967
482.198000	2705
482.403000	1724
482.476000	95
482.501000	2420
482.540000	3853
482.579000	2449
482.694000	3095
482.699000	1601
482.766000	2801
482.926000	321
483.045000	2187
483.088000	3772
483.091000	175
483.091000	177
483.245000	429
483.247000	3830
483.363000	1139
483.454000	475
483.592000	183
483.596000	3822
483.669000	2662
483.697000	3827
483.709000	2666
483.775000	2164
483.857000	3603
483.900000	2221
484.029000	43
484.051000	2923
484.071000	3856
484.143000	1809
484.242000	1221
484.324000	2762
484.631000	3934
484.653000	2315
484.694000	1250
484.774000	1879
484.920000	2326
485.059000	942
485.140000	2834
485.171000	3364
485.183000	3686
485.215000	176
485.230000	652
485.296000	3820
485.376000	338
485.502000	1008
485.637000	1279
485.809000	3293
486.119000	2763
486.604000	93
486.676000	3610
486.814000	1149
486.858000	2427
486.858000	2108
486.877000	3463
486.910000	1165
486.977000	1224
487.157000	195
487.514000	274
487.681000	2448
487.696000	3007
488.121000	1975
488.134000	1231
488.211000	266
488.240000	2464
488.300000	2490
488.443000	937
488.452000	316
488.493000	3269
488.589000	74
488.920000	1953
488.930000	1332
488.930000	2531
489.236000	799
489.715000	2160
489.847000	3633
489.853000	1389
490.149000	1223
490.230000	362
490.300000	2395
490.578000	3571
490.587000	3273
490.646000	3261
490.732000	1586
490.747000	3595
490.801000	511
491.000000	1222
491.299000	1577
491.362000	800
491.690000	3596
491.702000	3144
492.322000	359
492.478000	2308
492.503000	1216
492.531000	2826
492.898000	1284
492.917000	373
493.042000	978
494.832000	2261
495.082000	2632
496.740000	3487
496.783000	3905
497.114000	732
497.333000	612
498.132000	293
498.290000	3815
498.662000	466
499.939000	1866
500.300000	3519
502.063000	504
502.691000	994
502.727000	1370
503.293000	3866
512.421000	2568
515.274000	3113
515.712000	970
516.094000	2270
516.988000	2166
517.224000	345
517.413000	1205
517.656000	3807
520.717000	2750
520.814000	2559
520.881000	720
521.718000	2158
522.807000	2434
523.441000	3489
523.764000	2414
524.030000	2174
524.278000	2412
524.845000	887
525.465000	918
525.877000	1106
526.351000	922
526.473000	1483
527.693000	2405
527.916000	2580
529.064000	938
529.401000	339
529.822000	3
530.182000	948
530.735000	2091
531.059000	951
532.613000	1402
532.675000	2657
535.386000	3309
536.361000	3356
536.555000	3302
536.740000	760
536.820000	3924
537.070000	453
537.106000	2518
537.113000	2196
537.140000	3287
537.538000	2285
537.562000	1610
537.711000	530
537.905000	340
537.930000	1913
538.006000	3114
538.043000	1344
538.283000	350
538.319000	3943
538.493000	2981
538.494000	432
538.534000	3723
538.838000	1416
538.919000	1491
538.975000	1890
539.251000	3667
539.278000	3021
539.650000	2554
539.653000	497
539.971000	877
540.336000	2489
540.620000	2989
540.953000	3565
541.005000	1663
541.422000	509
541.891000	962
542.403000	1968
542.593000	1456
542.669000	1930
543.186000	1802
543.964000	3994
544.797000	3005
544.942000	673
545.387000	606
545.772000	3039
545.819000	3033
546.010000	1468
546.806000	1948
546.972000	3335
547.142000	4020
548.935000	1822
549.007000	1941
550.733000	1908
550.735000	1358
553.005000	3054
553.071000	1710
553.096000	2973
553.548000	1463
553.914000	2862
553.925000	614
553.948000	2794
555.013000	1423
555.164000	1209
555.271000	3458
555.497000	1052
556.786000	1175
557.011000	3014
557.069000	788
557.171000	3082
558.306000	1977
558.979000	1375
559.382000	3427
559.423000	1058
559.431000	3462
559.571000	640
559.802000	2098
560.084000	1454
560.184000	1880
560.346000	3506
560.381000	3756
560.414000	3157
561.463000	3319
561.566000	2868
561.625000	506
561.675000	3860
561.905000	2841
562.224000	722
563.070000	1337
563.105000	1595
563.107000	1330
563.494000	1167
563.557000	2255
563.628000	1730
563.960000	3933
564.223000	3008
564.374000	1855
564.464000	1311
564.533000	320
564.707000	1819
564.731000	2184
564.757000	1234
564.864000	3930
565.201000	717
565.297000	3659
565.395000	2075
565.414000	893
565.436000	3472
565.713000	2293
566.020000	2258
566.280000	1670
566.578000	3524
566.663000	895
566.867000	658
567.108000	403
567.244000	3920
567.309000	2333
567.401000	1384
567.734000	1174
567.749000	3978
567.814000	2141
568.040000	3708
568.075000	2508
568.225000	2917
568.325000	85
568.332000	2946
568.531000	3322
568.545000	3076
568.558000	2481
568.722000	3793
568.810000	3461
568.904000	3763
569.049000	3802
569.395000	2074
569.436000	1225
569.523000	925
569.903000	1808
570.537000	3449
570.578000	3475
570.623000	2274
570.944000	1826
571.295000	1045
571.440000	1623
571.660000	199
571.738000	803
571.760000	1341
571.819000	229
572.061000	3464
572.064000	3840
572.130000	858
572.229000	169
572.889000	2733
573.017000	573
573.154000	1617
573.272000	823
573.355000	1282
573.652000	3124
573.753000	2707
573.762000	3465
573.786000	2317
573.999000	2495
574.001000	2605
574.153000	2119
574.219000	2210
574.288000	542
574.587000	2328
574.653000	3861
574.759000	3606
574.829000	2636
574.999000	146
575.054000	701
575.306000	351
575.463000	2964
575.651000	2515
575.679000	2329
575.764000	977
575.861000	3753
575.954000	2133
576.125000	1295
576.251000	2706
576.279000	2344
576.353000	2287
576.357000	784
576.440000	441
576.445000	1074
576.544000	3855
576.651000	544
576.711000	3480
576.751000	2974
577.216000	1249
577.217000	653
577.348000	1063
577.400000	2387
577.805000	2802
577.987000	2919
578.040000	2319
578.080000	3494
578.279000	3438
578.291000	2626
578.374000	3106
578.457000	138
578.543000	1357
579.013000	1319
579.070000	3068
579.251000	811
579.734000	460
579.820000	999
580.033000	3396
582.129000	189
582.233000	3034
582.257000	1462
582.712000	2437
583.012000	401
583.217000	592
583.334000	2384
584.492000	1487
584.504000	2814
584.783000	1508
585.568000	2813
585.879000	2299
586.953000	3674
587.983000	1937
589.450000	1857
589.705000	415
593.924000	2366
595.824000	969
597.286000	1071
601.778000	3045
602.683000	2399
603.227000	2125
603.400000	2646
604.330000	2497
605.073000	1842
607.505000	2604
607.758000	2522
608.692000	559
609.074000	3251
609.168000	1245
609.495000	2433
609.524000	3294
610.309000	2057
610.441000	2472
610.476000	2545
610.867000	2197
610.960000	2363
611.131000	1597
611.982000	2672
612.274000	3578
612.791000	70
612.942000	913
613.457000	967
613.568000	1576
613.569000	2156
613.783000	933
614.207000	480
614.586000	548
615.704000	2422
616.262000	3730
616.301000	3816
619.968000	1401
620.804000	907
621.889000	1612
624.122000	4017
624.466000	1091
624.502000	348
626.156000	3986
626.275000	3752
628.866000	434
629.275000	233
630.055000	3958
630.508000	1446
633.773000	1744
634.022000	1810
634.175000	4015
634.441000	4000
634.954000	1748
634.962000	2851
635.432000	1529
637.023000	1795
637.611000	2951
638.341000	2796
638.963000	2754
640.347000	1301
641.698000	3060
642.560000	527
642.812000	1628
642.877000	2334
643.503000	3626
643.508000	2957
643.715000	342
644.171000	1182
644.837000	510
645.183000	686
645.323000	1561
645.334000	3003
645.334000	3051
645.389000	3407
646.010000	418
647.149000	2792
647.182000	1217
647.741000	584
648.637000	3446
648.871000	2260
649.328000	3883
649.337000	1212
649.380000	1648
649.753000	2484
649.758000	2248
649.988000	2262
650.063000	22
650.395000	523
650.611000	2542
650.851000	930
651.240000	3037
651.467000	2576
651.589000	1578
651.625000	3522
651.652000	3649
651.719000	1343
651.782000	3532
652.131000	474
652.298000	1584
652.299000	2035
652.474000	1832
652.517000	3430
652.552000	3077
653.057000	2401
653.210000	1523
653.247000	235
653.455000	2370
653.712000	3397
653.741000	37
654.190000	210
654.285000	165
654.332000	2368
654.491000	1046
654.639000	1619
654.722000	763
654.830000	908
654.850000	3507
654.925000	1580
655.016000	508
655.275000	623
655.539000	1034
655.732000	3963
656.033000	3274
656.037000	3502
656.125000	2856
656.162000	764
656.290000	62
656.505000	790
656.524000	3355
657.019000	2776
657.375000	3365
657.467000	3056
657.503000	695
658.125000	3527
658.624000	2995
658.791000	2836
658.797000	3938
658.876000	1514
659.009000	2544
659.149000	2898
659.263000	2925
659.375000	2592
659.469000	2883
659.478000	707
659.753000	3305
659.968000	1435
659.998000	3849
660.204000	3814
660.557000	1881
660.886000	2725
660.908000	3492
662.105000	1471
662.404000	1579
662.556000	1194
662.990000	155
663.047000	2456
663.102000	3953
663.275000	965
663.708000	202
663.957000	960
664.211000	900
664.218000	674
664.540000	397
665.299000	1218
666.062000	3803
666.277000	724
666.799000	1898
667.803000	3022
668.925000	1946
669.201000	882
670.225000	687
670.627000	1906
671.021000	838
671.043000	974
673.206000	2382
674.684000	1818
674.871000	1895
675.701000	1506
675.853000	2861
675.910000	1153
681.893000	517
682.004000	2875
684.063000	2670
684.847000	2690
685.692000	2757
686.199000	59
686.407000	2159
687.425000	3324
687.996000	2340
688.723000	72
688.935000	2375
690.010000	2465
690.037000	2498
690.313000	2584
690.542000	1553
690.950000	2301
691.105000	3889
692.858000	2403
695.212000	1068
697.137000	2630
697.332000	2442
698.374000	1097
698.753000	2767
702.144000	982
702.457000	560
703.510000	3679
705.894000	3903
706.208000	3949
708.008000	2790
710.606000	330
711.310000	570
712.231000	1540
712.678000	3588
715.296000	3617
716.665000	390
717.046000	2647
717.060000	3985
719.815000	3945
721.061000	727
721.772000	916
722.173000	1264
723.014000	1473
723.190000	1070
724.068000	381
724.158000	2624
724.834000	3057
725.017000	1626
726.098000	3460
727.013000	414
727.623000	1782
727.748000	484
727.974000	421
729.239000	1349
729.339000	1020
730.286000	1671
730.457000	3858
731.133000	3043
731.299000	300
731.413000	633
731.421000	3424
731.757000	3935
731.832000	214
733.079000	1292
733.219000	3323
733.281000	2853
733.347000	2509
733.714000	2966
733.750000	3673
733.998000	2470
734.772000	1833
734.866000	3080
734.891000	1140
734.954000	1567
735.008000	3508
735.025000	3675
735.616000	2936
736.013000	3869
736.185000	1963
736.257000	3436
736.297000	1698
736.656000	793
737.004000	1874
737.006000	3608
737.019000	2798
737.230000	634
737.493000	3441
738.511000	1366
738.707000	626
739.176000	2696
739.521000	767
740.207000	3721
740.421000	3682
740.424000	68
740.770000	3047
740.837000	174
741.143000	1803
741.480000	2595
742.223000	1457
742.530000	3863
742.618000	840
742.638000	109
743.631000	522
743.836000	1335
743.943000	1228
744.007000	221
744.084000	2297
745.551000	1193
745.625000	1351
745.929000	39
746.218000	2716
747.948000	590
749.297000	979
749.425000	905
750.190000	3559
752.142000	836
752.165000	3067
753.312000	1170
753.940000	3940
762.215000	1054
763.401000	2806
763.881000	2715
763.902000	2093
764.306000	2310
765.410000	3825
765.563000	2122
765.593000	986
765.620000	442
767.474000	42
767.960000	791
768.602000	3541
768.851000	34
769.740000	824
769.894000	2438
771.057000	1190
771.659000	355
772.481000	2804
774.083000	334
774.195000	1592
774.518000	2699
775.955000	2909
776.260000	3297
776.315000	445
776.852000	1398
777.689000	3580
777.999000	639
778.391000	2238
778.961000	798
779.048000	203
781.362000	3529
786.308000	3995
786.816000	3939
791.519000	170
793.477000	0
794.310000	1237
795.516000	3997
796.066000	3688
800.326000	2865
805.322000	3024
805.532000	1903
806.403000	2560
806.809000	2418
807.209000	2771
808.249000	3584
809.099000	1689
809.754000	1505
811.791000	2040
812.071000	2377
813.859000	1518
814.043000	206
814.623000	1121
815.417000	690
815.482000	683
815.695000	1287
815.924000	1124
816.397000	2961
816.734000	2661
817.426000	3899
817.594000	332
818.481000	1274
818.515000	944
818.967000	1868
819.751000	2181
820.707000	2215
821.059000	1309
821.228000	524
822.097000	3061
822.449000	1936
822.797000	795
823.403000	3599
824.946000	2357
825.426000	204
825.465000	234
827.312000	1639
827.519000	1449
827.920000	981
828.271000	2432
828.588000	1641
828.867000	152
829.025000	264
829.395000	3796
839.216000	1875
839.321000	1587
840.425000	1431
840.992000	2608
841.794000	3862
842.794000	1146
843.355000	168
843.702000	2777
843.966000	1493
847.742000	2708
847.856000	2338
848.344000	2634
849.314000	2994
849.354000	1891
850.010000	3556
850.363000	2819
852.432000	3444
852.612000	1151
852.857000	821
855.264000	1777
856.298000	3705
856.518000	105
857.427000	1171
857.448000	2168
862.225000	920
862.971000	2468
864.020000	360
864.133000	2537
864.716000	2675
864.751000	1472
867.244000	806
868.682000	935
868.711000	67
882.681000	1533
884.624000	1645
889.581000	1763
894.460000	2854
895.241000	1846
895.761000	772
897.788000	1280
898.436000	3088
899.347000	2867
899.910000	3878
900.404000	3052
903.375000	3804
903.931000	713
904.283000	456
904.315000	3408
905.153000	814
905.167000	3536
906.424000	668
906.933000	2650
908.687000	3491
908.887000	3885
909.059000	3533
909.708000	728
911.662000	3717
912.542000	1681
914.721000	898
917.208000	577
917.217000	1556
917.373000	1405
919.506000	1459
922.222000	3641
924.521000	490
924.976000	3044
928.019000	1781
928.769000	2208
928.835000	1458
931.361000	2918
931.593000	2349
932.046000	1199
932.947000	272
933.994000	2653
933.999000	2123
935.048000	3811
937.360000	3417
937.422000	2335
937.488000	1871
938.077000	254
938.116000	181
939.685000	2305
942.194000	723
942.262000	465
942.551000	2321
942.589000	582
942.795000	3317
942.944000	2415
944.472000	2593
946.572000	2540
950.526000	859
952.405000	1429
964.815000	3975
966.067000	2823
966.863000	3954
967.881000	3983
970.475000	2154
971.447000	1286
971.909000	2407
974.609000	1475
979.094000	3049
980.845000	588
982.130000	3020
982.285000	853
983.440000	1770
984.036000	2376
985.538000	2346
990.118000	1823
991.635000	2739
992.762000	1901
995.130000	3484
999.102000	1502
999.342000	1210
1001.470000	1126
1001.610000	1548
1003.420000	2889
1007.810000	1690
1007.950000	2990
1009.570000	861
1011.000000	556
1011.770000	2354
1012.340000	2970
1013.740000	2309
1014.200000	1582
1014.590000	1828
1016.120000	410
1019.920000	3548
1021.480000	3422
1021.550000	866
1021.770000	1025
1024.630000	729
1025.080000	1112
1026.260000	1408
1027.260000	2516
1027.600000	3680
1028.300000	2637
1028.440000	3616
1030.520000	3290
1033.970000	807
1046.410000	1028
1053.010000	2656
1056.530000	657
1057.140000	2388
1057.250000	2039
1057.600000	2564
1060.980000	1799
1062.240000	1093
1062.810000	1451
1065.720000	989
1070.080000	3785
1071.270000	3795
1072.620000	945
1072.840000	2933
1076.650000	2983
1076.780000	3770
1077.090000	1796
1077.450000	2718
1077.770000	127
1079.590000	684
1081.190000	1559
1083.830000	1163
1085.610000	1876
1087.040000	1326
1088.420000	2824
1088.790000	1026
1092.790000	135
1092.990000	367
1099.270000	1006
1099.490000	2341
1100.100000	2972
1100.300000	1055
1104.010000	1450
1105.470000	1477
1107.600000	2300
1109.590000	809
1109.720000	3468
1112.450000	3585
1116.660000	1443
1121.020000	1251
1128.360000	4004
1138.580000	3873
1138.770000	3980
1142.500000	1062
1144.000000	1622
1144.020000	3481
1145.100000	4025
1145.970000	1537
1152.020000	1530
1153.280000	288
1156.530000	3722
1161.800000	1845
1167.090000	2845
1167.600000	3897
1175.330000	1394
1176.400000	2958
1176.920000	1666
1177.330000	3826
1178.140000	286
1181.610000	1676
1181.780000	2443
1181.820000	2380
1182.090000	1143
1182.570000	3718
1183.030000	1444
1185.850000	3651
1186.920000	2726
1190.430000	1363
1191.250000	2521
1198.890000	3710
1201.630000	600
1201.760000	766
1205.140000	3974
1208.430000	1186
1211.260000	855
1213.290000	534
1215.320000	3739
1215.370000	3331
1216.160000	2577
1216.810000	57
1227.380000	2281
1227.620000	3423
1239.780000	455
1250.330000	1764
1257.430000	890
1258.300000	287
1258.800000	2800
1266.020000	374
1271.760000	2680
1273.040000	2126
1274.660000	563
1274.970000	815
1276.720000	2492
1288.230000	1308
1291.620000	2674
1298.190000	3328
1298.420000	891
1300.290000	3325
1334.760000	1687
1336.490000	1642
1348.820000	2615
1352.170000	3386
1354.310000	2290
1354.760000	661
1354.800000	1307
1382.570000	65
1385.760000	3712
1389.230000	3574
1392.000000	2291
1394.850000	2435
1402.970000	3560
1406.080000	3546
1407.830000	433
1412.660000	971
1421.220000	2130
1425.060000	2216
1426.580000	3876
1431.460000	1396
1434.090000	1051
1434.860000	740
1435.310000	656
1460.740000	361
1464.050000	2036
1468.940000	171
1469.140000	201
1469.270000	3298
1474.330000	847
1475.260000	1598
1495.660000	3029
1528.480000	1545
1529.800000	2453
1582.740000	953
1595.050000	954
1608.650000	1759
1611.310000	1235
1616.050000	2700
1617.440000	481
1686.750000	2505
1687.580000	1604
1715.700000	651
1730.110000	1114
1753.270000	2665
1775.850000	1684
1812.380000	428
1813.180000	3609
1832.730000	3724
1849.360000	371
1849.660000	2846
1876.600000	1920
1938.910000	1934
2050.920000	311
2083.730000	551
2128.300000	1831
2214.560000	1840
2301.670000	376
2340.230000	3064
2594.550000	628
2876.450000	818
3659.590000	3131
3750.250000	3101
3758.910000	3145
3862.100000	3142
3945.110000	3158
3953.930000	3155
3959.890000	3150
4046.050000	3166
4046.520000	3168
4065.260000	3160
4128.300000	3183
4129.260000	3181
4156.590000	3175
4157.860000	3172
4197.950000	3171
4237.970000	3173
4244.050000	3200
4248.980000	3184
4268.620000	3206
4272.570000	3215
4285.560000	3148
4291.620000	3165
4293.060000	3217
4321.860000	3193
4324.110000	3191
4325.220000	3189
4329.670000	3228
4359.430000	3214
4360.390000	3204
4374.090000	3197
4388.840000	3208
4405.110000	3211
4408.750000	3234
4440.440000	3245
4441.290000	3244
4441.310000	3242
4488.320000	3201
4488.890000	3231
4491.600000	3222
4495.540000	3220
4532.510000	3169
4538.980000	3223
4541.100000	3224
4569.190000	3199
4611.130000	3233
4611.400000	3230
4641.100000	3246
4819.900000	3202
4862.060000	3236
4893.830000	3240
4897.090000	3190
4903.870000	3239
5010.650000	3241
5297.010000	1952
5302.210000	1945
5304.470000	1924
5560.380000	1862
6815.770000	1956
7603.460000	1964
9771.340000	1969
10015.700000	1982
10024.000000	1971
10969.500000	1981
11086.900000	1983
11208.500000	1986
11396.800000	1991
11446.800000	1997
11488.200000	2011
11536.600000	1984
11543.200000	2005
11545.800000	2006
11546.600000	2019
11561.200000	2013
11583.600000	2028
11590.200000	2027
11591.500000	2026
11603.400000	2014
11647.300000	2016
11746.200000	2021
11906.400000	2029
11988.200000	2030
12233.000000	2020
10000000.00